100 300 110 
100 600 110 
100 900 110 
100 1100 110 
100 1500 110 
100 1800 110 
400 300 110 
400 600 110 
400 900 110 
400 1100 110 
400 1500 110 
400 1800 110 
600 300 110 
600 600 110 
600 900 110 
600 1100 110 
600 1500 110 
600 1800 110 
1100 300 110 
1100 600 110 
1100 900 110 
1100 1100 110 
1100 1500 110 
1100 1800 110 
1400 300 110 
1400 600 110 
1400 900 110 
1400 1100 110 
1400 1500 110 
1400 1800 110 
1600 300 110 
1600 600 110 
1600 900 110 
1600 1100 110 
1600 1500 110 
1600 1800 110 
100 -300 110 
100 -600 110 
100 -900 110 
100 -1100 110 
100 -1500 110 
100 -1800 110 
400 -300 110 
400 -600 110 
400 -900 110 
400 -1100 110 
400 -1500 110 
400 -1800 110 
600 -300 110 
600 -600 110 
600 -900 110 
600 -1100 110 
600 -1500 110 
600 -1800 110 
1100 -300 110 
1100 -600 110 
1100 -900 110 
1100 -1100 110 
1100 -1500 110 
1100 -1800 110 
1400 -300 110 
1400 -600 110 
1400 -900 110 
1400 -1100 110 
1400 -1500 110 
1400 -1800 110 
1600 -300 110 
1600 -600 110 
1600 -900 110 
1600 -1100 110 
1600 -1500 110 
1600 -1800 110 
-100 300 110 
-100 600 110 
-100 900 110 
-100 1100 110 
-100 1500 110 
-100 1800 110 
-400 300 110 
-400 600 110 
-400 900 110 
-400 1100 110 
-400 1500 110 
-400 1800 110 
-600 300 110 
-600 600 110 
-600 900 110 
-600 1100 110 
-600 1500 110 
-600 1800 110 
100 300 50 
100 600 50 
100 900 50 
100 1100 50 
100 1500 50 
100 1800 50 
400 300 50 
400 600 50 
400 900 50 
400 1100 50 
400 1500 50 
400 1800 50 
600 300 50 
600 600 50 
600 900 50 
600 1100 50 
600 1500 50 
600 1800 50 
600 -1800 50 
-100 300 50 
-100 600 50 
-100 900 50 
-100 1100 50 
-100 1500 50 
-400 300 50 
-400 600 50 
-400 900 50 
-400 1100 50 
-400 1500 50 
-600 300 50 
-600 600 50 
-600 900 50 
-600 1100 50 
-600 1500 50 
-100 -300 110 
-100 -600 110 
-100 -900 110 
-100 -1100 110 
-400 -300 110 
-400 -600 110 
-400 -900 110 
-400 -1100 110 
-400 -1800 110 
-600 -300 110 
-600 -600 110 
-600 -900 110 
-600 -1100 110 
-1800 -300 110 
-1800 -600 110 
-1800 -900 110 
-1800 -1100 110 
-1500 -300 110 
-1500 -600 110 
-1500 -900 110 
-1500 -1100 110 
1500 -300 110 
1500 -600 110 
1500 -900 110 
1500 -1100 110 
1500 -1800 110 
